-2.000 4.000  0.000  0.00  0.000e+00  0.000e+00  0.000e+00
-2.000 4.050  0.000  0.00  0.000e+00  0.000e+00  0.000e+00
-2.000 4.100  0.000  0.00  0.000e+00  0.000e+00  0.000e+00
-2.000 4.150  0.000  0.00  0.000e+00  0.000e+00  0.000e+00
-2.000 4.200  0.000  0.00  0.000e+00  0.000e+00  0.000e+00
-2.000 4.250  0.000  0.00  0.000e+00  0.000e+00  0.000e+00
-2.000 4.300  0.000  0.00  0.000e+00  0.000e+00  0.000e+00
-2.000 4.350  0.000  0.00  0.000e+00  0.000e+00  0.000e+00
-2.000 4.400  0.000  0.00  0.000e+00  0.000e+00  0.000e+00
-2.000 4.450  0.000  0.00  0.000e+00  0.000e+00  0.000e+00
-2.000 4.500  0.000  0.00  0.000e+00  0.000e+00  0.000e+00
-2.000 4.550  0.000  0.00  0.000e+00  0.000e+00  0.000e+00
-2.000 4.600  0.000  0.00  0.000e+00  0.000e+00  0.000e+00
-2.000 4.650  0.000  0.00  0.000e+00  0.000e+00  0.000e+00
-2.000 4.700  0.000  0.00  0.000e+00  0.000e+00  0.000e+00
-2.000 4.750  0.000  0.00  0.000e+00  0.000e+00  0.000e+00
-2.000 4.800  0.000  0.00  1.088e-14  0.000e+00  0.000e+00
-2.000 4.850  0.000  0.00  5.842e-12  0.000e+00  0.000e+00
-2.000 4.900  0.000  0.00  1.219e-11  0.000e+00  0.000e+00
-2.000 4.950  0.000  0.00  2.444e-11  0.000e+00  0.000e+00
-2.000 5.000  0.000  0.00  4.572e-11  0.000e+00  0.000e+00
-2.000 5.050  0.000  0.00  8.353e-11  1.172e-11  0.000e+00
-2.000 5.100  0.000  0.00  1.956e-10  4.009e-11  0.000e+00
-2.000 5.150  0.000  0.00  8.085e-10  1.179e-10  0.000e+00
-2.000 5.200  0.000  0.00  4.414e-09  3.187e-10  0.000e+00
-2.000 5.250  0.000  0.00  2.186e-08  1.085e-09  1.824e-14
-2.000 5.300  0.000  0.00  8.683e-08  6.614e-09  1.208e-13
-2.000 5.350  0.000  0.00  2.683e-07  4.759e-08  1.048e-11
-2.000 5.400  0.000  0.00  6.226e-07  2.662e-07  6.377e-11
-2.000 5.450  0.000  0.00  9.982e-07  9.698e-07  2.525e-10
-2.000 5.500  0.000  0.00  1.026e-06  2.119e-06  6.001e-10
-2.000 5.550  0.000  0.00  7.537e-07  3.099e-06  9.532e-10
-2.000 5.600  0.000  0.00  4.745e-07  3.654e-06  1.222e-09
-2.000 5.650  0.000  0.00  2.879e-07  3.937e-06  1.433e-09
-2.000 5.700  0.000  0.00  1.763e-07  4.081e-06  1.623e-09
-2.000 5.750  0.000  0.00  1.110e-07  4.161e-06  1.814e-09
-2.000 5.800  0.000  0.00  7.214e-08  4.200e-06  2.089e-09
-2.000 5.850  0.000  0.00  4.878e-08  4.229e-06  2.741e-09
-2.000 5.900  0.000  0.00  3.429e-08  4.238e-06  4.864e-09
-2.000 5.950  0.000  0.00  2.539e-08  4.238e-06  1.194e-08
-2.000 6.000  0.000  0.00  1.982e-08  4.229e-06  3.322e-08
-2.000 6.050  0.000  0.00  1.638e-08  4.171e-06  8.914e-08
-2.000 6.100  0.000  0.00  1.407e-08  4.048e-06  2.156e-07
-2.000 6.150  0.000  0.00  1.234e-08  3.804e-06  4.557e-07
-2.000 6.200  0.000  0.00  1.067e-08  3.406e-06  8.302e-07
-2.000 6.250  0.000  0.00  8.815e-09  2.859e-06  1.298e-06
-2.000 6.300  0.000  0.00  6.795e-09  2.219e-06  1.739e-06
-2.000 6.350  0.000  0.00  4.767e-09  1.571e-06  1.992e-06
-2.000 6.400  0.000  0.00  3.007e-09  1.003e-06  1.960e-06
-2.000 6.450  0.000  0.00  1.715e-09  5.851e-07  1.691e-06
-2.000 6.500  0.000  0.00  9.062e-10  3.178e-07  1.322e-06
-2.000 6.550  0.000  0.00  4.573e-10  1.672e-07  9.710e-07
-2.000 6.600  0.000  0.00  2.271e-10  8.694e-08  6.953e-07
-2.000 6.650  0.000  0.00  1.128e-10  4.573e-08  4.934e-07
-2.000 6.700  0.000  0.00  5.665e-11  2.456e-08  3.525e-07
-2.000 6.750  0.000  0.00  2.899e-11  1.350e-08  2.554e-07
-2.000 6.800  0.000  0.00  1.511e-11  7.589e-09  1.876e-07
-2.000 6.850  0.000  0.00  8.039e-12  4.387e-09  1.400e-07
-2.000 6.900  0.000  0.00  4.357e-12  2.595e-09  1.062e-07
-2.000 6.950  0.000  0.00  2.411e-12  1.571e-09  8.170e-08
-2.000 7.000  0.000  0.00  1.356e-12  9.710e-10  6.386e-08
-2.000 7.050  0.000  0.00  7.766e-13  6.112e-10  5.061e-08
-2.000 7.100  0.000  0.00  4.510e-13  3.928e-10  4.057e-08
-2.000 7.150  0.000  0.00  2.662e-13  2.566e-10  3.282e-08
-2.000 7.200  0.000  0.00  1.597e-13  1.699e-10  2.687e-08
-2.000 7.250  0.000  0.00  9.687e-14  1.143e-10  2.219e-08
-2.000 7.300  0.000  0.00  5.946e-14  7.802e-11  1.850e-08
-2.000 7.350  0.000  0.00  3.700e-14  5.385e-11  1.553e-08
-2.000 7.400  0.000  0.00  2.324e-14  3.769e-11  1.313e-08
-2.000 7.450  0.000  0.00  1.476e-14  2.656e-11  1.117e-08
-2.000 7.500  0.000  0.00  9.467e-15  1.898e-11  9.554e-09
-2.000 7.550  0.000  0.00  6.126e-15  1.365e-11  8.207e-09
-2.000 7.600  0.000  0.00  0.000e+00  9.890e-12  7.083e-09
-2.000 7.650  0.000  0.00  0.000e+00  7.231e-12  6.126e-09
-2.000 7.700  0.000  0.00  0.000e+00  5.336e-12  5.324e-09
-2.000 7.750  0.000  0.00  0.000e+00  3.946e-12  4.637e-09
-2.000 7.800  0.000  0.00  0.000e+00  2.946e-12  4.057e-09
-2.000 7.850  0.000  0.00  0.000e+00  2.204e-12  3.550e-09
-2.000 7.900  0.000  0.00  0.000e+00  1.660e-12  3.113e-09
-2.000 7.950  0.000  0.00  0.000e+00  1.254e-12  2.730e-09
-2.000 8.000  0.000  0.00  0.000e+00  9.510e-13  2.400e-09
-2.000 8.050  0.000  0.00  0.000e+00  7.231e-13  2.114e-09
-2.000 8.100  0.000  0.00  0.000e+00  5.511e-13  1.859e-09
-2.000 8.150  0.000  0.00  0.000e+00  4.219e-13  1.638e-09
-2.000 8.200  0.000  0.00  0.000e+00  3.230e-13  1.443e-09
-2.000 8.250  0.000  0.00  0.000e+00  2.479e-13  1.274e-09
-2.000 8.300  0.000  0.00  0.000e+00  1.906e-13  1.123e-09
-2.000 8.350  0.000  0.00  0.000e+00  1.466e-13  9.890e-10
-2.000 8.400  0.000  0.00  0.000e+00  1.128e-13  8.714e-10
-2.000 8.450  0.000  0.00  0.000e+00  8.694e-14  7.660e-10
-2.000 8.500  0.000  0.00  0.000e+00  6.702e-14  6.748e-10
-2.000 8.550  0.000  0.00  0.000e+00  5.167e-14  5.932e-10
-2.000 8.600  0.000  0.00  0.000e+00  3.983e-14  5.214e-10
-2.000 8.650  0.000  0.00  0.000e+00  3.070e-14  4.584e-10
-2.000 8.700  0.000  0.00  0.000e+00  2.367e-14  4.029e-10
-2.000 8.750  0.000  0.00  0.000e+00  1.825e-14  3.533e-10
-2.000 8.800  0.000  0.00  0.000e+00  1.407e-14  3.099e-10
-2.000 8.850  0.000  0.00  0.000e+00  1.084e-14  2.718e-10
-2.000 8.900  0.000  0.00  0.000e+00  8.341e-15  2.378e-10
-2.000 8.950  0.000  0.00  0.000e+00  6.430e-15  2.081e-10
-2.000 9.000  0.000  0.00  0.000e+00  4.945e-15  1.821e-10
-1.750 4.000  0.000  0.00  0.000e+00  0.000e+00  0.000e+00
-1.750 4.050  0.000  0.00  0.000e+00  0.000e+00  0.000e+00
-1.750 4.100  0.000  0.00  0.000e+00  0.000e+00  0.000e+00
-1.750 4.150  0.000  0.00  0.000e+00  0.000e+00  0.000e+00
-1.750 4.200  0.000  0.00  0.000e+00  0.000e+00  0.000e+00
-1.750 4.250  0.000  0.00  0.000e+00  0.000e+00  0.000e+00
-1.750 4.300  0.000  0.00  0.000e+00  0.000e+00  0.000e+00
-1.750 4.350  0.000  0.00  0.000e+00  0.000e+00  0.000e+00
-1.750 4.400  0.000  0.00  0.000e+00  0.000e+00  0.000e+00
-1.750 4.450  0.000  0.00  0.000e+00  0.000e+00  0.000e+00
-1.750 4.500  0.000  0.00  0.000e+00  0.000e+00  0.000e+00
-1.750 4.550  0.000  0.00  0.000e+00  0.000e+00  0.000e+00
-1.750 4.600  0.000  0.00  0.000e+00  0.000e+00  0.000e+00
-1.750 4.650  0.000  0.00  0.000e+00  0.000e+00  0.000e+00
-1.750 4.700  0.000  0.00  0.000e+00  0.000e+00  0.000e+00
-1.750 4.750  0.000  0.00  0.000e+00  0.000e+00  0.000e+00
-1.750 4.800  0.000  0.00  0.000e+00  0.000e+00  0.000e+00
-1.750 4.850  0.000  0.00  1.371e-14  0.000e+00  0.000e+00
-1.750 4.900  0.000  0.00  1.187e-11  0.000e+00  0.000e+00
-1.750 4.950  0.000  0.00  2.419e-11  0.000e+00  0.000e+00
-1.750 5.000  0.000  0.00  4.552e-11  0.000e+00  0.000e+00
-1.750 5.050  0.000  0.00  8.670e-11  1.118e-11  0.000e+00
-1.750 5.100  0.000  0.00  2.422e-10  3.937e-11  0.000e+00
-1.750 5.150  0.000  0.00  1.252e-09  1.177e-10  0.000e+00
-1.750 5.200  0.000  0.00  7.508e-09  3.351e-10  0.000e+00
-1.750 5.250  0.000  0.00  3.830e-08  1.413e-09  1.334e-14
-1.750 5.300  0.000  0.00  1.537e-07  1.068e-08  1.097e-13
-1.750 5.350  0.000  0.00  4.767e-07  8.262e-08  1.023e-11
-1.750 5.400  0.000  0.00  1.107e-06  4.706e-07  6.334e-11
-1.750 5.450  0.000  0.00  1.775e-06  1.723e-06  2.519e-10
-1.750 5.500  0.000  0.00  1.825e-06  3.769e-06  6.001e-10
-1.750 5.550  0.000  0.00  1.340e-06  5.511e-06  9.532e-10
-1.750 5.600  0.000  0.00  8.437e-07  6.504e-06  1.222e-09
-1.750 5.650  0.000  0.00  5.119e-07  7.002e-06  1.436e-09
-1.750 5.700  0.000  0.00  3.135e-07  7.264e-06  1.623e-09
-1.750 5.750  0.000  0.00  1.973e-07  7.399e-06  1.829e-09
-1.750 5.800  0.000  0.00  1.283e-07  7.468e-06  2.178e-09
-1.750 5.850  0.000  0.00  8.663e-08  7.520e-06  3.190e-09
-1.750 5.900  0.000  0.00  6.098e-08  7.537e-06  6.815e-09
-1.750 5.950  0.000  0.00  4.515e-08  7.537e-06  1.924e-08
-1.750 6.000  0.000  0.00  3.525e-08  7.520e-06  5.702e-08
-1.750 6.050  0.000  0.00  2.912e-08  7.417e-06  1.564e-07
-1.750 6.100  0.000  0.00  2.502e-08  7.198e-06  3.817e-07
-1.750 6.150  0.000  0.00  2.194e-08  6.764e-06  8.085e-07
-1.750 6.200  0.000  0.00  1.898e-08  6.056e-06  1.476e-06
-1.750 6.250  0.000  0.00  1.567e-08  5.084e-06  2.308e-06
-1.750 6.300  0.000  0.00  1.208e-08  3.946e-06  3.092e-06
-1.750 6.350  0.000  0.00  8.476e-09  2.794e-06  3.542e-06
-1.750 6.400  0.000  0.00  5.348e-09  1.783e-06  3.485e-06
-1.750 6.450  0.000  0.00  3.049e-09  1.040e-06  3.007e-06
-1.750 6.500  0.000  0.00  1.611e-09  5.652e-07  2.351e-06
-1.750 6.550  0.000  0.00  8.132e-10  2.973e-07  1.727e-06
-1.750 6.600  0.000  0.00  4.029e-10  1.546e-07  1.237e-06
-1.750 6.650  0.000  0.00  2.005e-10  8.132e-08  8.774e-07
-1.750 6.700  0.000  0.00  1.007e-10  4.367e-08  6.269e-07
-1.750 6.750  0.000  0.00  5.155e-11  2.400e-08  4.542e-07
-1.750 6.800  0.000  0.00  2.687e-11  1.350e-08  3.336e-07
-1.750 6.850  0.000  0.00  1.430e-11  7.802e-09  2.490e-07
-1.750 6.900  0.000  0.00  7.748e-12  4.615e-09  1.889e-07
-1.750 6.950  0.000  0.00  4.287e-12  2.794e-09  1.453e-07
-1.750 7.000  0.000  0.00  2.411e-12  1.727e-09  1.136e-07
-1.750 7.050  0.000  0.00  1.381e-12  1.087e-09  8.999e-08
-1.750 7.100  0.000  0.00  8.020e-13  6.986e-10  7.214e-08
-1.750 7.150  0.000  0.00  4.734e-13  4.562e-10  5.837e-08
-1.750 7.200  0.000  0.00  2.839e-13  3.021e-10  4.778e-08
-1.750 7.250  0.000  0.00  1.723e-13  2.033e-10  3.946e-08
-1.750 7.300  0.000  0.00  1.057e-13  1.387e-10  3.290e-08
-1.750 7.350  0.000  0.00  6.580e-14  9.576e-11  2.762e-08
-1.750 7.400  0.000  0.00  4.132e-14  6.702e-11  2.335e-08
-1.750 7.450  0.000  0.00  2.625e-14  4.723e-11  1.987e-08
-1.750 7.500  0.000  0.00  1.683e-14  3.374e-11  1.699e-08
-1.750 7.550  0.000  0.00  1.089e-14  2.428e-11  1.459e-08
-1.750 7.600  0.000  0.00  0.000e+00  1.759e-11  1.260e-08
-1.750 7.650  0.000  0.00  0.000e+00  1.286e-11  1.089e-08
-1.750 7.700  0.000  0.00  0.000e+00  9.489e-12  9.467e-09
-1.750 7.750  0.000  0.00  0.000e+00  7.018e-12  8.245e-09
-1.750 7.800  0.000  0.00  0.000e+00  5.238e-12  7.214e-09
-1.750 7.850  0.000  0.00  0.000e+00  3.919e-12  6.312e-09
-1.750 7.900  0.000  0.00  0.000e+00  2.953e-12  5.536e-09
-1.750 7.950  0.000  0.00  0.000e+00  2.229e-12  4.855e-09
-1.750 8.000  0.000  0.00  0.000e+00  1.691e-12  4.268e-09
-1.750 8.050  0.000  0.00  0.000e+00  1.286e-12  3.760e-09
-1.750 8.100  0.000  0.00  0.000e+00  9.799e-13  3.305e-09
-1.750 8.150  0.000  0.00  0.000e+00  7.502e-13  2.912e-09
-1.750 8.200  0.000  0.00  0.000e+00  5.744e-13  2.566e-09
-1.750 8.250  0.000  0.00  0.000e+00  4.408e-13  2.266e-09
-1.750 8.300  0.000  0.00  0.000e+00  3.390e-13  1.996e-09
-1.750 8.350  0.000  0.00  0.000e+00  2.607e-13  1.759e-09
-1.750 8.400  0.000  0.00  0.000e+00  2.005e-13  1.550e-09
-1.750 8.450  0.000  0.00  0.000e+00  1.546e-13  1.362e-09
-1.750 8.500  0.000  0.00  0.000e+00  1.192e-13  1.200e-09
-1.750 8.550  0.000  0.00  0.000e+00  9.188e-14  1.055e-09
-1.750 8.600  0.000  0.00  0.000e+00  7.083e-14  9.273e-10
-1.750 8.650  0.000  0.00  0.000e+00  5.460e-14  8.151e-10
-1.750 8.700  0.000  0.00  0.000e+00  4.209e-14  7.165e-10
-1.750 8.750  0.000  0.00  0.000e+00  3.245e-14  6.283e-10
-1.750 8.800  0.000  0.00  0.000e+00  2.502e-14  5.511e-10
-1.750 8.850  0.000  0.00  0.000e+00  1.928e-14  4.833e-10
-1.750 8.900  0.000  0.00  0.000e+00  1.483e-14  4.229e-10
-1.750 8.950  0.000  0.00  0.000e+00  1.143e-14  3.700e-10
-1.750 9.000  0.000  0.00  0.000e+00  8.794e-15  3.237e-10
-1.500 4.000  0.000  0.00  0.000e+00  0.000e+00  0.000e+00
-1.500 4.050  0.000  0.00  0.000e+00  0.000e+00  0.000e+00
-1.500 4.100  0.000  0.00  0.000e+00  0.000e+00  0.000e+00
-1.500 4.150  0.000  0.00  0.000e+00  0.000e+00  0.000e+00
-1.500 4.200  0.000  0.00  0.000e+00  0.000e+00  0.000e+00
-1.500 4.250  0.000  0.00  0.000e+00  0.000e+00  0.000e+00
-1.500 4.300  0.000  0.00  0.000e+00  0.000e+00  0.000e+00
-1.500 4.350  0.000  0.00  0.000e+00  0.000e+00  0.000e+00
-1.500 4.400  0.000  0.00  0.000e+00  0.000e+00  0.000e+00
-1.500 4.450  0.000  0.00  0.000e+00  0.000e+00  0.000e+00
-1.500 4.500  0.000  0.00  0.000e+00  0.000e+00  0.000e+00
-1.500 4.550  0.000  0.00  0.000e+00  0.000e+00  0.000e+00
-1.500 4.600  0.000  0.00  0.000e+00  0.000e+00  0.000e+00
-1.500 4.650  0.000  0.00  0.000e+00  0.000e+00  0.000e+00
-1.500 4.700  0.000  0.00  0.000e+00  0.000e+00  0.000e+00
-1.500 4.750  0.000  0.00  0.000e+00  0.000e+00  0.000e+00
-1.500 4.800  0.000  0.00  0.000e+00  0.000e+00  0.000e+00
-1.500 4.850  0.000  0.00  0.000e+00  0.000e+00  0.000e+00
-1.500 4.900  0.000  0.00  3.976e-13  0.000e+00  0.000e+00
-1.500 4.950  0.000  0.00  2.419e-11  0.000e+00  0.000e+00
-1.500 5.000  0.000  0.00  4.584e-11  0.000e+00  0.000e+00
-1.500 5.050  0.000  0.00  9.284e-11  0.000e+00  0.000e+00
-1.500 5.100  0.000  0.00  3.260e-10  3.905e-11  0.000e+00
-1.500 5.150  0.000  0.00  2.041e-09  1.185e-10  0.000e+00
-1.500 5.200  0.000  0.00  1.303e-08  3.676e-10  0.000e+00
-1.500 5.250  0.000  0.00  6.756e-08  1.998e-09  0.000e+00
-1.500 5.300  0.000  0.00  2.727e-07  1.797e-08  1.035e-13
-1.500 5.350  0.000  0.00  8.476e-07  1.449e-07  9.081e-13
-1.500 5.400  0.000  0.00  1.971e-06  8.341e-07  6.312e-11
-1.500 5.450  0.000  0.00  3.156e-06  3.063e-06  2.519e-10
-1.500 5.500  0.000  0.00  3.252e-06  6.702e-06  6.001e-10
-1.500 5.550  0.000  0.00  2.383e-06  9.799e-06  9.532e-10
-1.500 5.600  0.000  0.00  1.500e-06  1.157e-05  1.222e-09
-1.500 5.650  0.000  0.00  9.103e-07  1.245e-05  1.436e-09
-1.500 5.700  0.000  0.00  5.574e-07  1.292e-05  1.628e-09
-1.500 5.750  0.000  0.00  3.509e-07  1.316e-05  1.855e-09
-1.500 5.800  0.000  0.00  2.281e-07  1.328e-05  2.335e-09
-1.500 5.850  0.000  0.00  1.539e-07  1.337e-05  3.988e-09
-1.500 5.900  0.000  0.00  1.084e-07  1.340e-05  1.029e-08
-1.500 5.950  0.000  0.00  8.020e-08  1.340e-05  3.224e-08
-1.500 6.000  0.000  0.00  6.269e-08  1.337e-05  9.922e-08
-1.500 6.050  0.000  0.00  5.178e-08  1.319e-05  2.765e-07
-1.500 6.100  0.000  0.00  4.448e-08  1.280e-05  6.764e-07
-1.500 6.150  0.000  0.00  3.901e-08  1.203e-05  1.436e-06
-1.500 6.200  0.000  0.00  3.374e-08  1.077e-05  2.625e-06
-1.500 6.250  0.000  0.00  2.787e-08  9.041e-06  4.104e-06
-1.500 6.300  0.000  0.00  2.149e-08  7.018e-06  5.498e-06
-1.500 6.350  0.000  0.00  1.507e-08  4.968e-06  6.298e-06
-1.500 6.400  0.000  0.00  9.510e-09  3.171e-06  6.197e-06
-1.500 6.450  0.000  0.00  5.423e-09  1.846e-06  5.348e-06
-1.500 6.500  0.000  0.00  2.866e-09  1.005e-06  4.175e-06
-1.500 6.550  0.000  0.00  1.446e-09  5.275e-07  3.070e-06
-1.500 6.600  0.000  0.00  7.165e-10  2.749e-07  2.199e-06
-1.500 6.650  0.000  0.00  3.562e-10  1.446e-07  1.560e-06
-1.500 6.700  0.000  0.00  1.791e-10  7.766e-08  1.115e-06
-1.500 6.750  0.000  0.00  9.166e-11  4.263e-08  8.076e-07
-1.500 6.800  0.000  0.00  4.778e-11  2.400e-08  5.932e-07
-1.500 6.850  0.000  0.00  2.542e-11  1.387e-08  4.428e-07
-1.500 6.900  0.000  0.00  1.378e-11  8.207e-09  3.359e-07
-1.500 6.950  0.000  0.00  7.607e-12  4.968e-09  2.583e-07
-1.500 7.000  0.000  0.00  4.287e-12  3.070e-09  2.019e-07
-1.500 7.050  0.000  0.00  2.450e-12  1.933e-09  1.600e-07
-1.500 7.100  0.000  0.00  1.426e-12  1.242e-09  1.283e-07
-1.500 7.150  0.000  0.00  8.418e-13  8.113e-10  1.038e-07
-1.500 7.200  0.000  0.00  5.049e-13  5.373e-10  8.496e-08
-1.500 7.250  0.000  0.00  3.063e-13  3.616e-10  7.018e-08
-1.500 7.300  0.000  0.00  1.880e-13  2.467e-10  5.851e-08
-1.500 7.350  0.000  0.00  1.170e-13  1.703e-10  4.911e-08
-1.500 7.400  0.000  0.00  7.349e-14  1.192e-10  4.151e-08
-1.500 7.450  0.000  0.00  4.669e-14  8.398e-11  3.533e-08
-1.500 7.500  0.000  0.00  2.994e-14  6.001e-11  3.021e-08
-1.500 7.550  0.000  0.00  1.937e-14  4.317e-11  2.595e-08
-1.500 7.600  0.000  0.00  0.000e+00  3.128e-11  2.240e-08
-1.500 7.650  0.000  0.00  0.000e+00  2.287e-11  1.937e-08
-1.500 7.700  0.000  0.00  0.000e+00  1.687e-11  1.683e-08
-1.500 7.750  0.000  0.00  0.000e+00  1.248e-11  1.466e-08
-1.500 7.800  0.000  0.00  0.000e+00  9.315e-12  1.283e-08
-1.500 7.850  0.000  0.00  0.000e+00  6.969e-12  1.123e-08
-1.500 7.900  0.000  0.00  0.000e+00  5.251e-12  9.845e-09
-1.500 7.950  0.000  0.00  0.000e+00  3.965e-12  8.634e-09
-1.500 8.000  0.000  0.00  0.000e+00  3.007e-12  7.589e-09
-1.500 8.050  0.000  0.00  0.000e+00  2.287e-12  6.687e-09
-1.500 8.100  0.000  0.00  0.000e+00  1.743e-12  5.878e-09
-1.500 8.150  0.000  0.00  0.000e+00  1.334e-12  5.178e-09
-1.500 8.200  0.000  0.00  0.000e+00  1.021e-12  4.562e-09
-1.500 8.250  0.000  0.00  0.000e+00  7.838e-13  4.029e-09
-1.500 8.300  0.000  0.00  0.000e+00  6.028e-13  3.550e-09
-1.500 8.350  0.000  0.00  0.000e+00  4.637e-13  3.128e-09
-1.500 8.400  0.000  0.00  0.000e+00  3.566e-13  2.756e-09
-1.500 8.450  0.000  0.00  0.000e+00  2.749e-13  2.422e-09
-1.500 8.500  0.000  0.00  0.000e+00  2.119e-13  2.134e-09
-1.500 8.550  0.000  0.00  0.000e+00  1.634e-13  1.876e-09
-1.500 8.600  0.000  0.00  0.000e+00  1.260e-13  1.649e-09
-1.500 8.650  0.000  0.00  0.000e+00  9.710e-14  1.449e-09
-1.500 8.700  0.000  0.00  0.000e+00  7.485e-14  1.274e-09
-1.500 8.750  0.000  0.00  0.000e+00  5.770e-14  1.117e-09
-1.500 8.800  0.000  0.00  0.000e+00  4.448e-14  9.799e-10
-1.500 8.850  0.000  0.00  0.000e+00  3.429e-14  8.594e-10
-1.500 8.900  0.000  0.00  0.000e+00  2.638e-14  7.520e-10
-1.500 8.950  0.000  0.00  0.000e+00  2.033e-14  6.580e-10
-1.500 9.000  0.000  0.00  0.000e+00  1.564e-14  5.757e-10
-1.250 4.000  0.000  0.00  0.000e+00  0.000e+00  0.000e+00
-1.250 4.050  0.000  0.00  0.000e+00  0.000e+00  0.000e+00
-1.250 4.100  0.000  0.00  0.000e+00  0.000e+00  0.000e+00
-1.250 4.150  0.000  0.00  0.000e+00  0.000e+00  0.000e+00
-1.250 4.200  0.000  0.00  0.000e+00  0.000e+00  0.000e+00
-1.250 4.250  0.000  0.00  0.000e+00  0.000e+00  0.000e+00
-1.250 4.300  0.000  0.00  0.000e+00  0.000e+00  0.000e+00
-1.250 4.350  0.000  0.00  0.000e+00  0.000e+00  0.000e+00
-1.250 4.400  0.000  0.00  0.000e+00  0.000e+00  0.000e+00
-1.250 4.450  0.000  0.00  0.000e+00  0.000e+00  0.000e+00
-1.250 4.500  0.000  0.00  0.000e+00  0.000e+00  0.000e+00
-1.250 4.550  0.000  0.00  0.000e+00  0.000e+00  0.000e+00
-1.250 4.600  0.000  0.00  0.000e+00  0.000e+00  0.000e+00
-1.250 4.650  0.000  0.00  0.000e+00  0.000e+00  0.000e+00
-1.250 4.700  0.000  0.00  0.000e+00  0.000e+00  0.000e+00
-1.250 4.750  0.000  0.00  0.000e+00  0.000e+00  0.000e+00
-1.250 4.800  0.000  0.00  0.000e+00  0.000e+00  0.000e+00
-1.250 4.850  0.000  0.00  0.000e+00  0.000e+00  0.000e+00
-1.250 4.900  0.000  0.00  0.000e+00  0.000e+00  0.000e+00
-1.250 4.950  0.000  0.00  9.156e-12  0.000e+00  0.000e+00
-1.250 5.000  0.000  0.00  4.665e-11  0.000e+00  0.000e+00
-1.250 5.050  0.000  0.00  1.047e-10  0.000e+00  0.000e+00
-1.250 5.100  0.000  0.00  4.767e-10  3.906e-11  0.000e+00
-1.250 5.150  0.000  0.00  3.455e-09  1.206e-10  0.000e+00
-1.250 5.200  0.000  0.00  2.292e-08  4.254e-10  0.000e+00
-1.250 5.250  0.000  0.00  1.200e-07  3.044e-09  0.000e+00
-1.250 5.300  0.000  0.00  4.850e-07  3.094e-08  1.005e-13
-1.250 5.350  0.000  0.00  1.507e-06  2.563e-07  9.009e-13
-1.250 5.400  0.000  0.00  3.509e-06  1.482e-06  6.312e-11
-1.250 5.450  0.000  0.00  5.626e-06  5.448e-06  2.519e-10
-1.250 5.500  0.000  0.00  5.784e-06  1.192e-05  6.001e-10
-1.250 5.550  0.000  0.00  4.238e-06  1.743e-05  9.532e-10
-1.250 5.600  0.000  0.00  2.668e-06  2.057e-05  1.224e-09
-1.250 5.650  0.000  0.00  1.619e-06  2.214e-05  1.436e-09
-1.250 5.700  0.000  0.00  9.913e-07  2.297e-05  1.632e-09
-1.250 5.750  0.000  0.00  6.226e-07  2.340e-05  1.901e-09
-1.250 5.800  0.000  0.00  4.048e-07  2.362e-05  2.612e-09
-1.250 5.850  0.000  0.00  2.737e-07  2.378e-05  5.405e-09
-1.250 5.900  0.000  0.00  1.928e-07  2.383e-05  1.647e-08
-1.250 5.950  0.000  0.00  1.426e-07  2.383e-05  5.541e-08
-1.250 6.000  0.000  0.00  1.115e-07  2.378e-05  1.746e-07
-1.250 6.050  0.000  0.00  9.188e-08  2.345e-05  4.894e-07
-1.250 6.100  0.000  0.00  7.910e-08  2.276e-05  1.201e-06
-1.250 6.150  0.000  0.00  6.937e-08  2.139e-05  2.554e-06
-1.250 6.200  0.000  0.00  5.993e-08  1.915e-05  4.669e-06
-1.250 6.250  0.000  0.00  4.957e-08  1.608e-05  7.298e-06
-1.250 6.300  0.000  0.00  3.821e-08  1.248e-05  9.777e-06
-1.250 6.350  0.000  0.00  2.680e-08  8.824e-06  1.120e-05
-1.250 6.400  0.000  0.00  1.691e-08  5.639e-06  1.102e-05
-1.250 6.450  0.000  0.00  9.643e-09  3.282e-06  9.510e-06
-1.250 6.500  0.000  0.00  5.084e-09  1.787e-06  7.417e-06
-1.250 6.550  0.000  0.00  2.566e-09  9.380e-07  5.460e-06
-1.250 6.600  0.000  0.00  1.274e-09  4.889e-07  3.901e-06
-1.250 6.650  0.000  0.00  6.327e-10  2.572e-07  2.775e-06
-1.250 6.700  0.000  0.00  3.182e-10  1.378e-07  1.982e-06
-1.250 6.750  0.000  0.00  1.626e-10  7.572e-08  1.436e-06
-1.250 6.800  0.000  0.00  8.496e-11  4.268e-08  1.055e-06
-1.250 6.850  0.000  0.00  4.515e-11  2.467e-08  7.874e-07
-1.250 6.900  0.000  0.00  2.450e-11  1.459e-08  5.973e-07
-1.250 6.950  0.000  0.00  1.353e-11  8.835e-09  4.594e-07
-1.250 7.000  0.000  0.00  7.624e-12  5.460e-09  3.591e-07
-1.250 7.050  0.000  0.00  4.357e-12  3.437e-09  2.846e-07
-1.250 7.100  0.000  0.00  2.536e-12  2.209e-09  2.279e-07
-1.250 7.150  0.000  0.00  1.497e-12  1.443e-09  1.846e-07
-1.250 7.200  0.000  0.00  8.978e-13  9.554e-10  1.511e-07
-1.250 7.250  0.000  0.00  5.448e-13  6.430e-10  1.248e-07
-1.250 7.300  0.000  0.00  3.344e-13  4.387e-10  1.040e-07
-1.250 7.350  0.000  0.00  2.081e-13  3.028e-10  8.734e-08
-1.250 7.400  0.000  0.00  1.307e-13  2.119e-10  7.382e-08
-1.250 7.450  0.000  0.00  8.302e-14  1.493e-10  6.283e-08
-1.250 7.500  0.000  0.00  5.324e-14  1.067e-10  5.373e-08
-1.250 7.550  0.000  0.00  3.445e-14  7.677e-11  4.615e-08
-1.250 7.600  0.000  0.00  0.000e+00  5.562e-11  3.983e-08
-1.250 7.650  0.000  0.00  0.000e+00  4.066e-11  3.445e-08
-1.250 7.700  0.000  0.00  0.000e+00  3.001e-11  2.994e-08
-1.250 7.750  0.000  0.00  0.000e+00  2.219e-11  2.607e-08
-1.250 7.800  0.000  0.00  0.000e+00  1.657e-11  2.281e-08
-1.250 7.850  0.000  0.00  0.000e+00  1.239e-11  1.996e-08
-1.250 7.900  0.000  0.00  0.000e+00  9.337e-12  1.751e-08
-1.250 7.950  0.000  0.00  0.000e+00  7.050e-12  1.535e-08
-1.250 8.000  0.000  0.00  0.000e+00  5.348e-12  1.350e-08
-1.250 8.050  0.000  0.00  0.000e+00  4.066e-12  1.189e-08
-1.250 8.100  0.000  0.00  0.000e+00  3.099e-12  1.045e-08
-1.250 8.150  0.000  0.00  0.000e+00  2.372e-12  9.209e-09
-1.250 8.200  0.000  0.00  0.000e+00  1.816e-12  8.113e-09
-1.250 8.250  0.000  0.00  0.000e+00  1.394e-12  7.165e-09
-1.250 8.300  0.000  0.00  0.000e+00  1.072e-12  6.313e-09
-1.250 8.350  0.000  0.00  0.000e+00  8.245e-13  5.562e-09
-1.250 8.400  0.000  0.00  0.000e+00  6.342e-13  4.900e-09
-1.250 8.450  0.000  0.00  0.000e+00  4.889e-13  4.307e-09
-1.250 8.500  0.000  0.00  0.000e+00  3.769e-13  3.795e-09
-1.250 8.550  0.000  0.00  0.000e+00  2.905e-13  3.336e-09
-1.250 8.600  0.000  0.00  0.000e+00  2.240e-13  2.932e-09
-1.250 8.650  0.000  0.00  0.000e+00  1.727e-13  2.578e-09
-1.250 8.700  0.000  0.00  0.000e+00  1.331e-13  2.266e-09
-1.250 8.750  0.000  0.00  0.000e+00  1.026e-13  1.987e-09
-1.250 8.800  0.000  0.00  0.000e+00  7.910e-14  1.743e-09
-1.250 8.850  0.000  0.00  0.000e+00  6.098e-14  1.528e-09
-1.250 8.900  0.000  0.00  0.000e+00  4.690e-14  1.337e-09
-1.250 8.950  0.000  0.00  0.000e+00  3.616e-14  1.170e-09
-1.250 9.000  0.000  0.00  0.000e+00  2.781e-14  1.024e-09
-1.000 4.000  0.000  0.00  0.000e+00  0.000e+00  0.000e+00
-1.000 4.050  0.000  0.00  0.000e+00  0.000e+00  0.000e+00
-1.000 4.100  0.000  0.00  0.000e+00  0.000e+00  0.000e+00
-1.000 4.150  0.000  0.00  0.000e+00  0.000e+00  0.000e+00
-1.000 4.200  0.000  0.00  0.000e+00  0.000e+00  0.000e+00
-1.000 4.250  0.000  0.00  0.000e+00  0.000e+00  0.000e+00
-1.000 4.300  0.000  0.00  0.000e+00  0.000e+00  0.000e+00
-1.000 4.350  0.000  0.00  0.000e+00  0.000e+00  0.000e+00
-1.000 4.400  0.000  0.00  0.000e+00  0.000e+00  0.000e+00
-1.000 4.450  0.000  0.00  0.000e+00  0.000e+00  0.000e+00
-1.000 4.500  0.000  0.00  0.000e+00  0.000e+00  0.000e+00
-1.000 4.550  0.000  0.00  0.000e+00  0.000e+00  0.000e+00
-1.000 4.600  0.000  0.00  0.000e+00  0.000e+00  0.000e+00
-1.000 4.650  0.000  0.00  0.000e+00  0.000e+00  0.000e+00
-1.000 4.700  0.000  0.00  0.000e+00  0.000e+00  0.000e+00
-1.000 4.750  0.000  0.00  0.000e+00  0.000e+00  0.000e+00
-1.000 4.800  0.000  0.00  0.000e+00  0.000e+00  0.000e+00
-1.000 4.850  0.000  0.00  0.000e+00  0.000e+00  0.000e+00
-1.000 4.900  0.000  0.00  0.000e+00  0.000e+00  0.000e+00
-1.000 4.950  0.000  0.00  3.940e-12  0.000e+00  0.000e+00
-1.000 5.000  0.000  0.00  1.800e-11  0.000e+00  0.000e+00
-1.000 5.050  0.000  0.00  1.259e-10  0.000e+00  0.000e+00
-1.000 5.100  0.000  0.00  7.484e-10  0.000e+00  0.000e+00
-1.000 5.150  0.000  0.00  5.993e-09  1.249e-10  0.000e+00
-1.000 5.200  0.000  0.00  4.062e-08  5.300e-10  0.000e+00
-1.000 5.250  0.000  0.00  2.137e-07  4.929e-09  0.000e+00
-1.000 5.300  0.000  0.00  8.644e-07  5.428e-08  1.025e-13
-1.000 5.350  0.000  0.00  2.690e-06  4.558e-07  9.225e-13
-1.000 5.400  0.000  0.00  6.262e-06  2.641e-06  6.320e-11
-1.000 5.450  0.000  0.00  1.002e-05  9.699e-06  2.528e-10
-1.000 5.500  0.000  0.00  1.028e-05  2.124e-05  6.008e-10
-1.000 5.550  0.000  0.00  7.537e-06  3.099e-05  9.532e-10
-1.000 5.600  0.000  0.00  4.745e-06  3.658e-05  1.225e-09
-1.000 5.650  0.000  0.00  2.875e-06  3.937e-05  1.439e-09
-1.000 5.700  0.000  0.00  1.759e-06  4.085e-05  1.645e-09
-1.000 5.750  0.000  0.00  1.107e-06  4.161e-05  1.982e-09
-1.000 5.800  0.000  0.00  7.189e-07  4.200e-05  3.104e-09
-1.000 5.850  0.000  0.00  4.855e-07  4.229e-05  7.930e-09
-1.000 5.900  0.000  0.00  3.421e-07  4.238e-05  2.747e-08
-1.000 5.950  0.000  0.00  2.533e-07  4.238e-05  9.652e-08
-1.000 6.000  0.000  0.00  1.980e-07  4.229e-05  3.088e-07
-1.000 6.050  0.000  0.00  1.634e-07  4.171e-05  8.694e-07
-1.000 6.100  0.000  0.00  1.407e-07  4.048e-05  2.139e-06
-1.000 6.150  0.000  0.00  1.232e-07  3.804e-05  4.542e-06
-1.000 6.200  0.000  0.00  1.065e-07  3.406e-05  8.302e-06
-1.000 6.250  0.000  0.00  8.815e-08  2.859e-05  1.298e-05
-1.000 6.300  0.000  0.00  6.780e-08  2.219e-05  1.739e-05
-1.000 6.350  0.000  0.00  4.761e-08  1.567e-05  1.992e-05
-1.000 6.400  0.000  0.00  3.004e-08  1.003e-05  1.960e-05
-1.000 6.450  0.000  0.00  1.713e-08  5.837e-06  1.691e-05
-1.000 6.500  0.000  0.00  9.041e-09  3.174e-06  1.319e-05
-1.000 6.550  0.000  0.00  4.562e-09  1.666e-06  9.710e-06
-1.000 6.600  0.000  0.00  2.263e-09  8.683e-07  6.937e-06
-1.000 6.650  0.000  0.00  1.125e-09  4.567e-07  4.934e-06
-1.000 6.700  0.000  0.00  5.652e-10  2.450e-07  3.525e-06
-1.000 6.750  0.000  0.00  2.892e-10  1.346e-07  2.548e-06
-1.000 6.800  0.000  0.00  1.507e-10  7.589e-08  1.874e-06
-1.000 6.850  0.000  0.00  8.020e-11  4.382e-08  1.400e-06
-1.000 6.900  0.000  0.00  4.352e-11  2.592e-08  1.061e-06
-1.000 6.950  0.000  0.00  2.405e-11  1.569e-08  8.170e-07
-1.000 7.000  0.000  0.00  1.354e-11  9.698e-09  6.386e-07
-1.000 7.050  0.000  0.00  7.748e-12  6.112e-09  5.061e-07
-1.000 7.100  0.000  0.00  4.510e-12  3.928e-09  4.048e-07
-1.000 7.150  0.000  0.00  2.662e-12  2.566e-09  3.282e-07
-1.000 7.200  0.000  0.00  1.597e-12  1.699e-09  2.687e-07
-1.000 7.250  0.000  0.00  9.687e-13  1.143e-09  2.219e-07
-1.000 7.300  0.000  0.00  5.946e-13  7.802e-10  1.850e-07
-1.000 7.350  0.000  0.00  3.700e-13  5.385e-10  1.553e-07
-1.000 7.400  0.000  0.00  2.324e-13  3.769e-10  1.313e-07
-1.000 7.450  0.000  0.00  1.476e-13  2.656e-10  1.117e-07
-1.000 7.500  0.000  0.00  9.467e-14  1.898e-10  9.554e-08
-1.000 7.550  0.000  0.00  6.126e-14  1.365e-10  8.207e-08
-1.000 7.600  0.000  0.00  0.000e+00  9.890e-11  7.083e-08
-1.000 7.650  0.000  0.00  0.000e+00  7.231e-11  6.126e-08
-1.000 7.700  0.000  0.00  0.000e+00  5.336e-11  5.324e-08
-1.000 7.750  0.000  0.00  0.000e+00  3.946e-11  4.637e-08
-1.000 7.800  0.000  0.00  0.000e+00  2.946e-11  4.057e-08
-1.000 7.850  0.000  0.00  0.000e+00  2.204e-11  3.550e-08
-1.000 7.900  0.000  0.00  0.000e+00  1.660e-11  3.113e-08
-1.000 7.950  0.000  0.00  0.000e+00  1.254e-11  2.730e-08
-1.000 8.000  0.000  0.00  0.000e+00  9.510e-12  2.400e-08
-1.000 8.050  0.000  0.00  0.000e+00  7.231e-12  2.114e-08
-1.000 8.100  0.000  0.00  0.000e+00  5.511e-12  1.859e-08
-1.000 8.150  0.000  0.00  0.000e+00  4.219e-12  1.638e-08
-1.000 8.200  0.000  0.00  0.000e+00  3.230e-12  1.443e-08
-1.000 8.250  0.000  0.00  0.000e+00  2.479e-12  1.274e-08
-1.000 8.300  0.000  0.00  0.000e+00  1.906e-12  1.123e-08
-1.000 8.350  0.000  0.00  0.000e+00  1.466e-12  9.890e-09
-1.000 8.400  0.000  0.00  0.000e+00  1.128e-12  8.714e-09
-1.000 8.450  0.000  0.00  0.000e+00  8.694e-13  7.660e-09
-1.000 8.500  0.000  0.00  0.000e+00  6.702e-13  6.748e-09
-1.000 8.550  0.000  0.00  0.000e+00  5.167e-13  5.932e-09
-1.000 8.600  0.000  0.00  0.000e+00  3.983e-13  5.214e-09
-1.000 8.650  0.000  0.00  0.000e+00  3.070e-13  4.584e-09
-1.000 8.700  0.000  0.00  0.000e+00  2.367e-13  4.029e-09
-1.000 8.750  0.000  0.00  0.000e+00  1.825e-13  3.533e-09
-1.000 8.800  0.000  0.00  0.000e+00  1.407e-13  3.099e-09
-1.000 8.850  0.000  0.00  0.000e+00  1.084e-13  2.718e-09
-1.000 8.900  0.000  0.00  0.000e+00  8.341e-14  2.378e-09
-1.000 8.950  0.000  0.00  0.000e+00  6.430e-14  2.081e-09
-1.000 9.000  0.000  0.00  0.000e+00  4.945e-14  1.821e-09
-0.750 4.000  0.000  0.00  0.000e+00  0.000e+00  0.000e+00
-0.750 4.050  0.000  0.00  0.000e+00  0.000e+00  0.000e+00
-0.750 4.100  0.000  0.00  0.000e+00  0.000e+00  0.000e+00
-0.750 4.150  0.000  0.00  0.000e+00  0.000e+00  0.000e+00
-0.750 4.200  0.000  0.00  0.000e+00  0.000e+00  0.000e+00
-0.750 4.250  0.000  0.00  0.000e+00  0.000e+00  0.000e+00
-0.750 4.300  0.000  0.00  0.000e+00  0.000e+00  0.000e+00
-0.750 4.350  0.000  0.00  0.000e+00  0.000e+00  0.000e+00
-0.750 4.400  0.000  0.00  0.000e+00  0.000e+00  0.000e+00
-0.750 4.450  0.000  0.00  0.000e+00  0.000e+00  0.000e+00
-0.750 4.500  0.000  0.00  0.000e+00  0.000e+00  0.000e+00
-0.750 4.550  0.000  0.00  0.000e+00  0.000e+00  0.000e+00
-0.750 4.600  0.000  0.00  0.000e+00  0.000e+00  0.000e+00
-0.750 4.650  0.000  0.00  0.000e+00  0.000e+00  0.000e+00
-0.750 4.700  0.000  0.00  0.000e+00  0.000e+00  0.000e+00
-0.750 4.750  0.000  0.00  0.000e+00  0.000e+00  0.000e+00
-0.750 4.800  0.000  0.00  0.000e+00  0.000e+00  0.000e+00
-0.750 4.850  0.000  0.00  0.000e+00  0.000e+00  0.000e+00
-0.750 4.900  0.000  0.00  0.000e+00  0.000e+00  0.000e+00
-0.750 4.950  0.000  0.00  5.115e-12  0.000e+00  0.000e+00
-0.750 5.000  0.000  0.00  8.013e-12  0.000e+00  0.000e+00
-0.750 5.050  0.000  0.00  1.649e-10  0.000e+00  0.000e+00
-0.750 5.100  0.000  0.00  1.243e-09  0.000e+00  0.000e+00
-0.750 5.150  0.000  0.00  1.060e-08  1.328e-10  0.000e+00
-0.750 5.200  0.000  0.00  7.249e-08  7.200e-10  0.000e+00
-0.750 5.250  0.000  0.00  3.822e-07  8.327e-09  0.000e+00
-0.750 5.300  0.000  0.00  1.550e-06  9.632e-08  1.041e-13
-0.750 5.350  0.000  0.00  4.811e-06  8.152e-07  9.524e-13
-0.750 5.400  0.000  0.00  1.119e-05  4.723e-06  5.969e-12
-0.750 5.450  0.000  0.00  1.785e-05  1.733e-05  2.539e-10
-0.750 5.500  0.000  0.00  1.831e-05  3.782e-05  6.022e-10
-0.750 5.550  0.000  0.00  1.340e-05  5.511e-05  9.544e-10
-0.750 5.600  0.000  0.00  8.427e-06  6.504e-05  1.225e-09
-0.750 5.650  0.000  0.00  5.107e-06  7.002e-05  1.441e-09
-0.750 5.700  0.000  0.00  3.124e-06  7.264e-05  1.665e-09
-0.750 5.750  0.000  0.00  1.962e-06  7.399e-05  2.124e-09
-0.750 5.800  0.000  0.00  1.275e-06  7.468e-05  3.976e-09
-0.750 5.850  0.000  0.00  8.603e-07  7.520e-05  1.243e-08
-0.750 5.900  0.000  0.00  6.063e-07  7.537e-05  4.710e-08
-0.750 5.950  0.000  0.00  4.494e-07  7.537e-05  1.701e-07
-0.750 6.000  0.000  0.00  3.513e-07  7.520e-05  5.479e-07
-0.750 6.050  0.000  0.00  2.899e-07  7.417e-05  1.546e-06
-0.750 6.100  0.000  0.00  2.496e-07  7.198e-05  3.804e-06
-0.750 6.150  0.000  0.00  2.189e-07  6.764e-05  8.095e-06
-0.750 6.200  0.000  0.00  1.891e-07  6.056e-05  1.480e-05
-0.750 6.250  0.000  0.00  1.564e-07  5.084e-05  2.313e-05
-0.750 6.300  0.000  0.00  1.206e-07  3.942e-05  3.092e-05
-0.750 6.350  0.000  0.00  8.457e-08  2.787e-05  3.542e-05
-0.750 6.400  0.000  0.00  5.336e-08  1.779e-05  3.485e-05
-0.750 6.450  0.000  0.00  3.039e-08  1.036e-05  3.004e-05
-0.750 6.500  0.000  0.00  1.604e-08  5.632e-06  2.345e-05
-0.750 6.550  0.000  0.00  8.095e-09  2.956e-06  1.727e-05
-0.750 6.600  0.000  0.00  4.015e-09  1.541e-06  1.234e-05
-0.750 6.650  0.000  0.00  1.996e-09  8.104e-07  8.774e-06
-0.750 6.700  0.000  0.00  1.004e-09  4.347e-07  6.269e-06
-0.750 6.750  0.000  0.00  5.137e-10  2.389e-07  4.531e-06
-0.750 6.800  0.000  0.00  2.677e-10  1.346e-07  3.328e-06
-0.750 6.850  0.000  0.00  1.425e-10  7.784e-08  2.484e-06
-0.750 6.900  0.000  0.00  7.730e-11  4.605e-08  1.885e-06
-0.750 6.950  0.000  0.00  4.278e-11  2.787e-08  1.453e-06
-0.750 7.000  0.000  0.00  2.405e-11  1.723e-08  1.136e-06
-0.750 7.050  0.000  0.00  1.378e-11  1.087e-08  8.978e-07
-0.750 7.100  0.000  0.00  8.020e-12  6.986e-09  7.198e-07
-0.750 7.150  0.000  0.00  4.734e-12  4.562e-09  5.837e-07
-0.750 7.200  0.000  0.00  2.839e-12  3.021e-09  4.778e-07
-0.750 7.250  0.000  0.00  1.723e-12  2.033e-09  3.946e-07
-0.750 7.300  0.000  0.00  1.057e-12  1.387e-09  3.290e-07
-0.750 7.350  0.000  0.00  6.580e-13  9.576e-10  2.762e-07
-0.750 7.400  0.000  0.00  4.132e-13  6.694e-10  2.335e-07
-0.750 7.450  0.000  0.00  2.625e-13  4.723e-10  1.987e-07
-0.750 7.500  0.000  0.00  1.683e-13  3.374e-10  1.699e-07
-0.750 7.550  0.000  0.00  1.089e-13  2.428e-10  1.459e-07
-0.750 7.600  0.000  0.00  0.000e+00  1.759e-10  1.258e-07
-0.750 7.650  0.000  0.00  0.000e+00  1.286e-10  1.089e-07
-0.750 7.700  0.000  0.00  0.000e+00  9.489e-11  9.467e-08
-0.750 7.750  0.000  0.00  0.000e+00  7.018e-11  8.245e-08
-0.750 7.800  0.000  0.00  0.000e+00  5.238e-11  7.214e-08
-0.750 7.850  0.000  0.00  0.000e+00  3.919e-11  6.312e-08
-0.750 7.900  0.000  0.00  0.000e+00  2.953e-11  5.536e-08
-0.750 7.950  0.000  0.00  0.000e+00  2.229e-11  4.855e-08
-0.750 8.000  0.000  0.00  0.000e+00  1.691e-11  4.268e-08
-0.750 8.050  0.000  0.00  0.000e+00  1.286e-11  3.760e-08
-0.750 8.100  0.000  0.00  0.000e+00  9.799e-12  3.305e-08
-0.750 8.150  0.000  0.00  0.000e+00  7.502e-12  2.912e-08
-0.750 8.200  0.000  0.00  0.000e+00  5.744e-12  2.566e-08
-0.750 8.250  0.000  0.00  0.000e+00  4.408e-12  2.266e-08
-0.750 8.300  0.000  0.00  0.000e+00  3.390e-12  1.996e-08
-0.750 8.350  0.000  0.00  0.000e+00  2.607e-12  1.759e-08
-0.750 8.400  0.000  0.00  0.000e+00  2.005e-12  1.550e-08
-0.750 8.450  0.000  0.00  0.000e+00  1.546e-12  1.362e-08
-0.750 8.500  0.000  0.00  0.000e+00  1.192e-12  1.200e-08
-0.750 8.550  0.000  0.00  0.000e+00  9.188e-13  1.055e-08
-0.750 8.600  0.000  0.00  0.000e+00  7.083e-13  9.273e-09
-0.750 8.650  0.000  0.00  0.000e+00  5.460e-13  8.151e-09
-0.750 8.700  0.000  0.00  0.000e+00  4.209e-13  7.165e-09
-0.750 8.750  0.000  0.00  0.000e+00  3.245e-13  6.283e-09
-0.750 8.800  0.000  0.00  0.000e+00  2.502e-13  5.511e-09
-0.750 8.850  0.000  0.00  0.000e+00  1.928e-13  4.833e-09
-0.750 8.900  0.000  0.00  0.000e+00  1.483e-13  4.229e-09
-0.750 8.950  0.000  0.00  0.000e+00  1.143e-13  3.700e-09
-0.750 9.000  0.000  0.00  0.000e+00  8.794e-14  3.237e-09
-0.500 4.000  0.000  0.00  0.000e+00  0.000e+00  0.000e+00
-0.500 4.050  0.000  0.00  0.000e+00  0.000e+00  0.000e+00
-0.500 4.100  0.000  0.00  0.000e+00  0.000e+00  0.000e+00
-0.500 4.150  0.000  0.00  0.000e+00  0.000e+00  0.000e+00
-0.500 4.200  0.000  0.00  0.000e+00  0.000e+00  0.000e+00
-0.500 4.250  0.000  0.00  0.000e+00  0.000e+00  0.000e+00
-0.500 4.300  0.000  0.00  0.000e+00  0.000e+00  0.000e+00
-0.500 4.350  0.000  0.00  0.000e+00  0.000e+00  0.000e+00
-0.500 4.400  0.000  0.00  0.000e+00  0.000e+00  0.000e+00
-0.500 4.450  0.000  0.00  0.000e+00  0.000e+00  0.000e+00
-0.500 4.500  0.000  0.00  0.000e+00  0.000e+00  0.000e+00
-0.500 4.550  0.000  0.00  0.000e+00  0.000e+00  0.000e+00
-0.500 4.600  0.000  0.00  0.000e+00  0.000e+00  0.000e+00
-0.500 4.650  0.000  0.00  0.000e+00  0.000e+00  0.000e+00
-0.500 4.700  0.000  0.00  0.000e+00  0.000e+00  0.000e+00
-0.500 4.750  0.000  0.00  0.000e+00  0.000e+00  0.000e+00
-0.500 4.800  0.000  0.00  0.000e+00  0.000e+00  0.000e+00
-0.500 4.850  0.000  0.00  0.000e+00  0.000e+00  0.000e+00
-0.500 4.900  0.000  0.00  0.000e+00  0.000e+00  0.000e+00
-0.500 4.950  0.000  0.00  4.336e-12  0.000e+00  0.000e+00
-0.500 5.000  0.000  0.00  1.041e-11  0.000e+00  0.000e+00
-0.500 5.050  0.000  0.00  2.361e-10  0.000e+00  0.000e+00
-0.500 5.100  0.000  0.00  2.151e-09  0.000e+00  0.000e+00
-0.500 5.150  0.000  0.00  1.900e-08  4.086e-11  0.000e+00
-0.500 5.200  0.000  0.00  1.307e-07  1.067e-09  0.000e+00
-0.500 5.250  0.000  0.00  6.891e-07  1.456e-08  0.000e+00
-0.500 5.300  0.000  0.00  2.788e-06  1.731e-07  2.095e-13
-0.500 5.350  0.000  0.00  8.656e-06  1.468e-06  1.691e-12
-0.500 5.400  0.000  0.00  2.008e-05  8.507e-06  8.397e-12
-0.500 5.450  0.000  0.00  3.197e-05  3.106e-05  2.560e-10
-0.500 5.500  0.000  0.00  3.260e-05  6.748e-05  6.050e-10
-0.500 5.550  0.000  0.00  2.381e-05  9.811e-05  9.566e-10
-0.500 5.600  0.000  0.00  1.497e-05  1.157e-04  1.228e-09
-0.500 5.650  0.000  0.00  9.062e-06  1.245e-04  1.448e-09
-0.500 5.700  0.000  0.00  5.542e-06  1.292e-04  1.700e-09
-0.500 5.750  0.000  0.00  3.477e-06  1.316e-04  2.377e-09
-0.500 5.800  0.000  0.00  2.253e-06  1.328e-04  5.539e-09
-0.500 5.850  0.000  0.00  1.521e-06  1.337e-04  2.046e-08
-0.500 5.900  0.000  0.00  1.072e-06  1.340e-04  8.215e-08
-0.500 5.950  0.000  0.00  7.946e-07  1.340e-04  3.014e-07
-0.500 6.000  0.000  0.00  6.218e-07  1.337e-04  9.754e-07
-0.500 6.050  0.000  0.00  5.137e-07  1.319e-04  2.759e-06
-0.500 6.100  0.000  0.00  4.423e-07  1.280e-04  6.788e-06
-0.500 6.150  0.000  0.00  3.879e-07  1.203e-04  1.443e-05
-0.500 6.200  0.000  0.00  3.355e-07  1.077e-04  2.635e-05
-0.500 6.250  0.000  0.00  2.778e-07  9.030e-05  4.118e-05
-0.500 6.300  0.000  0.00  2.139e-07  7.002e-05  5.505e-05
-0.500 6.350  0.000  0.00  1.500e-07  4.945e-05  6.298e-05
-0.500 6.400  0.000  0.00  9.467e-08  3.160e-05  6.197e-05
-0.500 6.450  0.000  0.00  5.391e-08  1.837e-05  5.336e-05
-0.500 6.500  0.000  0.00  2.842e-08  9.992e-06  4.171e-05
-0.500 6.550  0.000  0.00  1.434e-08  5.244e-06  3.063e-05
-0.500 6.600  0.000  0.00  7.123e-09  2.733e-06  2.194e-05
-0.500 6.650  0.000  0.00  3.537e-09  1.438e-06  1.557e-05
-0.500 6.700  0.000  0.00  1.779e-09  7.713e-07  1.113e-05
-0.500 6.750  0.000  0.00  9.103e-10  4.238e-07  8.058e-06
-0.500 6.800  0.000  0.00  4.750e-10  2.392e-07  5.918e-06
-0.500 6.850  0.000  0.00  2.527e-10  1.381e-07  4.418e-06
-0.500 6.900  0.000  0.00  1.373e-10  8.179e-08  3.351e-06
-0.500 6.950  0.000  0.00  7.589e-11  4.951e-08  2.580e-06
-0.500 7.000  0.000  0.00  4.272e-11  3.060e-08  2.015e-06
-0.500 7.050  0.000  0.00  2.447e-11  1.931e-08  1.597e-06
-0.500 7.100  0.000  0.00  1.425e-11  1.239e-08  1.280e-06
-0.500 7.150  0.000  0.00  8.418e-12  8.095e-09  1.038e-06
-0.500 7.200  0.000  0.00  5.043e-12  5.373e-09  8.496e-07
-0.500 7.250  0.000  0.00  3.063e-12  3.616e-09  7.018e-07
-0.500 7.300  0.000  0.00  1.880e-12  2.467e-09  5.851e-07
-0.500 7.350  0.000  0.00  1.170e-12  1.703e-09  4.911e-07
-0.500 7.400  0.000  0.00  7.349e-13  1.189e-09  4.151e-07
-0.500 7.450  0.000  0.00  4.669e-13  8.398e-10  3.533e-07
-0.500 7.500  0.000  0.00  2.994e-13  6.001e-10  3.021e-07
-0.500 7.550  0.000  0.00  1.937e-13  4.317e-10  2.595e-07
-0.500 7.600  0.000  0.00  0.000e+00  3.128e-10  2.235e-07
-0.500 7.650  0.000  0.00  0.000e+00  2.287e-10  1.937e-07
-0.500 7.700  0.000  0.00  0.000e+00  1.687e-10  1.683e-07
-0.500 7.750  0.000  0.00  0.000e+00  1.248e-10  1.466e-07
-0.500 7.800  0.000  0.00  0.000e+00  9.315e-11  1.283e-07
-0.500 7.850  0.000  0.00  0.000e+00  6.969e-11  1.123e-07
-0.500 7.900  0.000  0.00  0.000e+00  5.251e-11  9.845e-08
-0.500 7.950  0.000  0.00  0.000e+00  3.965e-11  8.634e-08
-0.500 8.000  0.000  0.00  0.000e+00  3.007e-11  7.589e-08
-0.500 8.050  0.000  0.00  0.000e+00  2.287e-11  6.687e-08
-0.500 8.100  0.000  0.00  0.000e+00  1.743e-11  5.878e-08
-0.500 8.150  0.000  0.00  0.000e+00  1.334e-11  5.178e-08
-0.500 8.200  0.000  0.00  0.000e+00  1.021e-11  4.562e-08
-0.500 8.250  0.000  0.00  0.000e+00  7.838e-12  4.029e-08
-0.500 8.300  0.000  0.00  0.000e+00  6.028e-12  3.550e-08
-0.500 8.350  0.000  0.00  0.000e+00  4.637e-12  3.128e-08
-0.500 8.400  0.000  0.00  0.000e+00  3.566e-12  2.756e-08
-0.500 8.450  0.000  0.00  0.000e+00  2.749e-12  2.422e-08
-0.500 8.500  0.000  0.00  0.000e+00  2.119e-12  2.134e-08
-0.500 8.550  0.000  0.00  0.000e+00  1.634e-12  1.876e-08
-0.500 8.600  0.000  0.00  0.000e+00  1.260e-12  1.649e-08
-0.500 8.650  0.000  0.00  0.000e+00  9.710e-13  1.449e-08
-0.500 8.700  0.000  0.00  0.000e+00  7.485e-13  1.274e-08
-0.500 8.750  0.000  0.00  0.000e+00  5.770e-13  1.117e-08
-0.500 8.800  0.000  0.00  0.000e+00  4.448e-13  9.799e-09
-0.500 8.850  0.000  0.00  0.000e+00  3.429e-13  8.594e-09
-0.500 8.900  0.000  0.00  0.000e+00  2.638e-13  7.520e-09
-0.500 8.950  0.000  0.00  0.000e+00  2.033e-13  6.580e-09
-0.500 9.000  0.000  0.00  0.000e+00  1.564e-13  5.757e-09
-0.250 4.000  0.000  0.00  0.000e+00  0.000e+00  0.000e+00
-0.250 4.050  0.000  0.00  0.000e+00  0.000e+00  0.000e+00
-0.250 4.100  0.000  0.00  0.000e+00  0.000e+00  0.000e+00
-0.250 4.150  0.000  0.00  0.000e+00  0.000e+00  0.000e+00
-0.250 4.200  0.000  0.00  0.000e+00  0.000e+00  0.000e+00
-0.250 4.250  0.000  0.00  0.000e+00  0.000e+00  0.000e+00
-0.250 4.300  0.000  0.00  0.000e+00  0.000e+00  0.000e+00
-0.250 4.350  0.000  0.00  0.000e+00  0.000e+00  0.000e+00
-0.250 4.400  0.000  0.00  0.000e+00  0.000e+00  0.000e+00
-0.250 4.450  0.000  0.00  0.000e+00  0.000e+00  0.000e+00
-0.250 4.500  0.000  0.00  0.000e+00  0.000e+00  0.000e+00
-0.250 4.550  0.000  0.00  0.000e+00  0.000e+00  0.000e+00
-0.250 4.600  0.000  0.00  0.000e+00  0.000e+00  0.000e+00
-0.250 4.650  0.000  0.00  0.000e+00  0.000e+00  0.000e+00
-0.250 4.700  0.000  0.00  0.000e+00  0.000e+00  0.000e+00
-0.250 4.750  0.000  0.00  0.000e+00  0.000e+00  0.000e+00
-0.250 4.800  0.000  0.00  0.000e+00  0.000e+00  0.000e+00
-0.250 4.850  0.000  0.00  0.000e+00  0.000e+00  0.000e+00
-0.250 4.900  0.000  0.00  0.000e+00  0.000e+00  0.000e+00
-0.250 4.950  0.000  0.00  3.396e-12  0.000e+00  0.000e+00
-0.250 5.000  0.000  0.00  1.208e-11  0.000e+00  0.000e+00
-0.250 5.050  0.000  0.00  3.669e-10  0.000e+00  0.000e+00
-0.250 5.100  0.000  0.00  3.835e-09  0.000e+00  0.000e+00
-0.250 5.150  0.000  0.00  3.459e-08  2.543e-11  0.000e+00
-0.250 5.200  0.000  0.00  2.387e-07  1.717e-09  0.000e+00
-0.250 5.250  0.000  0.00  1.256e-06  2.617e-08  0.000e+00
-0.250 5.300  0.000  0.00  5.074e-06  3.154e-07  0.000e+00
-0.250 5.350  0.000  0.00  1.572e-05  2.675e-06  1.962e-12
-0.250 5.400  0.000  0.00  3.629e-05  1.543e-05  1.373e-11
-0.250 5.450  0.000  0.00  5.738e-05  5.602e-05  9.462e-11
-0.250 5.500  0.000  0.00  5.810e-05  1.207e-04  6.099e-10
-0.250 5.550  0.000  0.00  4.229e-05  1.749e-04  9.622e-10
-0.250 5.600  0.000  0.00  2.653e-05  2.057e-04  1.232e-09
-0.250 5.650  0.000  0.00  1.606e-05  2.214e-04  1.456e-09
-0.250 5.700  0.000  0.00  9.810e-06  2.297e-04  1.760e-09
-0.250 5.750  0.000  0.00  6.132e-06  2.340e-04  2.831e-09
-0.250 5.800  0.000  0.00  3.959e-06  2.362e-04  8.345e-09
-0.250 5.850  0.000  0.00  2.674e-06  2.378e-04  3.492e-08
-0.250 5.900  0.000  0.00  1.886e-06  2.383e-04  1.451e-07
-0.250 5.950  0.000  0.00  1.400e-06  2.383e-04  5.379e-07
-0.250 6.000  0.000  0.00  1.099e-06  2.378e-04  1.743e-06
-0.250 6.050  0.000  0.00  9.081e-07  2.345e-04  4.929e-06
-0.250 6.100  0.000  0.00  7.828e-07  2.276e-04  1.213e-05
-0.250 6.150  0.000  0.00  6.866e-07  2.139e-04  2.575e-05
-0.250 6.200  0.000  0.00  5.952e-07  1.911e-04  4.707e-05
-0.250 6.250  0.000  0.00  4.923e-07  1.604e-04  7.341e-05
-0.250 6.300  0.000  0.00  3.790e-07  1.242e-04  9.811e-05
-0.250 6.350  0.000  0.00  2.659e-07  8.774e-05  1.120e-04
-0.250 6.400  0.000  0.00  1.678e-07  5.600e-05  1.102e-04
-0.250 6.450  0.000  0.00  9.543e-08  3.256e-05  9.489e-05
-0.250 6.500  0.000  0.00  5.031e-08  1.767e-05  7.399e-05
-0.250 6.550  0.000  0.00  2.536e-08  9.271e-06  5.441e-05
-0.250 6.600  0.000  0.00  1.258e-08  4.827e-06  3.892e-05
-0.250 6.650  0.000  0.00  6.254e-09  2.542e-06  2.765e-05
-0.250 6.700  0.000  0.00  3.145e-09  1.364e-06  1.978e-05
-0.250 6.750  0.000  0.00  1.611e-09  7.501e-07  1.430e-05
-0.250 6.800  0.000  0.00  8.408e-10  4.233e-07  1.051e-05
-0.250 6.850  0.000  0.00  4.484e-10  2.447e-07  7.846e-06
-0.250 6.900  0.000  0.00  2.430e-10  1.451e-07  5.952e-06
-0.250 6.950  0.000  0.00  1.345e-10  8.784e-08  4.584e-06
-0.250 7.000  0.000  0.00  7.580e-11  5.428e-08  3.583e-06
-0.250 7.050  0.000  0.00  4.342e-11  3.429e-08  2.836e-06
-0.250 7.100  0.000  0.00  2.530e-11  2.204e-08  2.276e-06
-0.250 7.150  0.000  0.00  1.497e-11  1.439e-08  1.846e-06
-0.250 7.200  0.000  0.00  8.958e-12  9.554e-09  1.511e-06
-0.250 7.250  0.000  0.00  5.441e-12  6.430e-09  1.248e-06
-0.250 7.300  0.000  0.00  3.344e-12  4.387e-09  1.040e-06
-0.250 7.350  0.000  0.00  2.081e-12  3.028e-09  8.734e-07
-0.250 7.400  0.000  0.00  1.307e-12  2.114e-09  7.382e-07
-0.250 7.450  0.000  0.00  8.302e-13  1.493e-09  6.283e-07
-0.250 7.500  0.000  0.00  5.324e-13  1.066e-09  5.373e-07
-0.250 7.550  0.000  0.00  3.445e-13  7.677e-10  4.615e-07
-0.250 7.600  0.000  0.00  0.000e+00  5.562e-10  3.974e-07
-0.250 7.650  0.000  0.00  0.000e+00  4.066e-10  3.445e-07
-0.250 7.700  0.000  0.00  0.000e+00  2.997e-10  2.994e-07
-0.250 7.750  0.000  0.00  0.000e+00  2.219e-10  2.607e-07
-0.250 7.800  0.000  0.00  0.000e+00  1.657e-10  2.281e-07
-0.250 7.850  0.000  0.00  0.000e+00  1.239e-10  1.996e-07
-0.250 7.900  0.000  0.00  0.000e+00  9.337e-11  1.751e-07
-0.250 7.950  0.000  0.00  0.000e+00  7.050e-11  1.535e-07
-0.250 8.000  0.000  0.00  0.000e+00  5.348e-11  1.350e-07
-0.250 8.050  0.000  0.00  0.000e+00  4.066e-11  1.189e-07
-0.250 8.100  0.000  0.00  0.000e+00  3.099e-11  1.045e-07
-0.250 8.150  0.000  0.00  0.000e+00  2.372e-11  9.209e-08
-0.250 8.200  0.000  0.00  0.000e+00  1.816e-11  8.113e-08
-0.250 8.250  0.000  0.00  0.000e+00  1.394e-11  7.165e-08
-0.250 8.300  0.000  0.00  0.000e+00  1.072e-11  6.313e-08
-0.250 8.350  0.000  0.00  0.000e+00  8.245e-12  5.562e-08
-0.250 8.400  0.000  0.00  0.000e+00  6.342e-12  4.900e-08
-0.250 8.450  0.000  0.00  0.000e+00  4.889e-12  4.307e-08
-0.250 8.500  0.000  0.00  0.000e+00  3.769e-12  3.795e-08
-0.250 8.550  0.000  0.00  0.000e+00  2.905e-12  3.336e-08
-0.250 8.600  0.000  0.00  0.000e+00  2.240e-12  2.932e-08
-0.250 8.650  0.000  0.00  0.000e+00  1.727e-12  2.578e-08
-0.250 8.700  0.000  0.00  0.000e+00  1.331e-12  2.266e-08
-0.250 8.750  0.000  0.00  0.000e+00  1.026e-12  1.987e-08
-0.250 8.800  0.000  0.00  0.000e+00  7.910e-13  1.743e-08
-0.250 8.850  0.000  0.00  0.000e+00  6.098e-13  1.528e-08
-0.250 8.900  0.000  0.00  0.000e+00  4.690e-13  1.337e-08
-0.250 8.950  0.000  0.00  0.000e+00  3.616e-13  1.170e-08
-0.250 9.000  0.000  0.00  0.000e+00  2.781e-13  1.024e-08
 0.000 4.000  0.000  0.00  0.000e+00  0.000e+00  0.000e+00
 0.000 4.050  0.000  0.00  0.000e+00  0.000e+00  0.000e+00
 0.000 4.100  0.000  0.00  0.000e+00  0.000e+00  0.000e+00
 0.000 4.150  0.000  0.00  0.000e+00  0.000e+00  0.000e+00
 0.000 4.200  0.000  0.00  0.000e+00  0.000e+00  0.000e+00
 0.000 4.250  0.000  0.00  0.000e+00  0.000e+00  0.000e+00
 0.000 4.300  0.000  0.00  0.000e+00  0.000e+00  0.000e+00
 0.000 4.350  0.000  0.00  0.000e+00  0.000e+00  0.000e+00
 0.000 4.400  0.000  0.00  0.000e+00  0.000e+00  0.000e+00
 0.000 4.450  0.000  0.00  0.000e+00  0.000e+00  0.000e+00
 0.000 4.500  0.000  0.00  0.000e+00  0.000e+00  0.000e+00
 0.000 4.550  0.000  0.00  0.000e+00  0.000e+00  0.000e+00
 0.000 4.600  0.000  0.00  0.000e+00  0.000e+00  0.000e+00
 0.000 4.650  0.000  0.00  0.000e+00  0.000e+00  0.000e+00
 0.000 4.700  0.000  0.00  0.000e+00  0.000e+00  0.000e+00
 0.000 4.750  0.000  0.00  0.000e+00  0.000e+00  0.000e+00
 0.000 4.800  0.000  0.00  0.000e+00  0.000e+00  0.000e+00
 0.000 4.850  0.000  0.00  0.000e+00  0.000e+00  0.000e+00
 0.000 4.900  0.000  0.00  0.000e+00  0.000e+00  0.000e+00
 0.000 4.950  0.000  0.00  2.182e-12  0.000e+00  0.000e+00
 0.000 5.000  0.000  0.00  1.229e-11  0.000e+00  0.000e+00
 0.000 5.050  0.000  0.00  6.087e-10  0.000e+00  0.000e+00
 0.000 5.100  0.000  0.00  6.997e-09  0.000e+00  0.000e+00
 0.000 5.150  0.000  0.00  6.412e-08  5.063e-11  0.000e+00
 0.000 5.200  0.000  0.00  4.426e-07  2.959e-09  0.000e+00
 0.000 5.250  0.000  0.00  2.328e-06  4.837e-08  0.000e+00
 0.000 5.300  0.000  0.00  9.364e-06  5.861e-07  0.000e+00
 0.000 5.350  0.000  0.00  2.890e-05  4.955e-06  2.385e-12
 0.000 5.400  0.000  0.00  6.644e-05  2.838e-05  1.323e-11
 0.000 5.450  0.000  0.00  1.038e-04  1.017e-04  5.209e-11
 0.000 5.500  0.000  0.00  1.037e-04  2.164e-04  6.214e-10
 0.000 5.550  0.000  0.00  7.511e-05  3.117e-04  9.734e-10
 0.000 5.600  0.000  0.00  4.701e-05  3.666e-04  1.244e-09
 0.000 5.650  0.000  0.00  2.839e-05  3.946e-04  1.477e-09
 0.000 5.700  0.000  0.00  1.728e-05  4.085e-04  1.876e-09
 0.000 5.750  0.000  0.00  1.074e-05  4.161e-04  3.647e-09
 0.000 5.800  0.000  0.00  6.903e-06  4.209e-04  1.339e-08
 0.000 5.850  0.000  0.00  4.656e-06  4.229e-04  6.083e-08
 0.000 5.900  0.000  0.00  3.289e-06  4.238e-04  2.587e-07
 0.000 5.950  0.000  0.00  2.452e-06  4.238e-04  9.622e-07
 0.000 6.000  0.000  0.00  1.928e-06  4.229e-04  3.125e-06
 0.000 6.050  0.000  0.00  1.598e-06  4.171e-04  8.836e-06
 0.000 6.100  0.000  0.00  1.379e-06  4.048e-04  2.174e-05
 0.000 6.150  0.000  0.00  1.212e-06  3.795e-04  4.616e-05
 0.000 6.200  0.000  0.00  1.050e-06  3.394e-04  8.409e-05
 0.000 6.250  0.000  0.00  8.703e-07  2.846e-04  1.311e-04
 0.000 6.300  0.000  0.00  6.709e-07  2.201e-04  1.749e-04
 0.000 6.350  0.000  0.00  4.706e-07  1.555e-04  1.996e-04
 0.000 6.400  0.000  0.00  2.963e-07  9.901e-05  1.960e-04
 0.000 6.450  0.000  0.00  1.683e-07  5.743e-05  1.683e-04
 0.000 6.500  0.000  0.00  8.864e-08  3.116e-05  1.313e-04
 0.000 6.550  0.000  0.00  4.453e-08  1.632e-05  9.653e-05
 0.000 6.600  0.000  0.00  2.211e-08  8.504e-06  6.897e-05
 0.000 6.650  0.000  0.00  1.101e-08  4.473e-06  4.905e-05
 0.000 6.700  0.000  0.00  5.541e-09  2.402e-06  3.505e-05
 0.000 6.750  0.000  0.00  2.842e-09  1.323e-06  2.539e-05
 0.000 6.800  0.000  0.00  1.486e-09  7.476e-07  1.865e-05
 0.000 6.850  0.000  0.00  7.919e-10  4.327e-07  1.392e-05
 0.000 6.900  0.000  0.00  4.302e-10  2.565e-07  1.056e-05
 0.000 6.950  0.000  0.00  2.381e-10  1.553e-07  8.122e-06
 0.000 7.000  0.000  0.00  1.342e-10  9.609e-08  6.349e-06
 0.000 7.050  0.000  0.00  7.703e-11  6.077e-08  5.037e-06
 0.000 7.100  0.000  0.00  4.490e-11  3.910e-08  4.038e-06
 0.000 7.150  0.000  0.00  2.656e-11  2.560e-08  3.278e-06
 0.000 7.200  0.000  0.00  1.593e-11  1.699e-08  2.687e-06
 0.000 7.250  0.000  0.00  9.665e-12  1.143e-08  2.219e-06
 0.000 7.300  0.000  0.00  5.946e-12  7.802e-09  1.850e-06
 0.000 7.350  0.000  0.00  3.700e-12  5.385e-09  1.553e-06
 0.000 7.400  0.000  0.00  2.324e-12  3.760e-09  1.313e-06
 0.000 7.450  0.000  0.00  1.476e-12  2.656e-09  1.116e-06
 0.000 7.500  0.000  0.00  9.467e-13  1.893e-09  9.532e-07
 0.000 7.550  0.000  0.00  6.112e-13  1.364e-09  8.197e-07
 0.000 7.600  0.000  0.00  0.000e+00  9.890e-10  7.066e-07
 0.000 7.650  0.000  0.00  0.000e+00  7.231e-10  6.126e-07
 0.000 7.700  0.000  0.00  0.000e+00  5.324e-10  5.324e-07
 0.000 7.750  0.000  0.00  0.000e+00  3.946e-10  4.637e-07
 0.000 7.800  0.000  0.00  0.000e+00  2.946e-10  4.048e-07
 0.000 7.850  0.000  0.00  0.000e+00  2.204e-10  3.550e-07
 0.000 7.900  0.000  0.00  0.000e+00  1.660e-10  3.113e-07
 0.000 7.950  0.000  0.00  0.000e+00  1.254e-10  2.730e-07
 0.000 8.000  0.000  0.00  0.000e+00  9.510e-11  2.400e-07
 0.000 8.050  0.000  0.00  0.000e+00  7.231e-11  2.114e-07
 0.000 8.100  0.000  0.00  0.000e+00  5.511e-11  1.859e-07
 0.000 8.150  0.000  0.00  0.000e+00  4.219e-11  1.638e-07
 0.000 8.200  0.000  0.00  0.000e+00  3.230e-11  1.443e-07
 0.000 8.250  0.000  0.00  0.000e+00  2.479e-11  1.274e-07
 0.000 8.300  0.000  0.00  0.000e+00  1.906e-11  1.123e-07
 0.000 8.350  0.000  0.00  0.000e+00  1.466e-11  9.890e-08
 0.000 8.400  0.000  0.00  0.000e+00  1.128e-11  8.714e-08
 0.000 8.450  0.000  0.00  0.000e+00  8.694e-12  7.660e-08
 0.000 8.500  0.000  0.00  0.000e+00  6.702e-12  6.748e-08
 0.000 8.550  0.000  0.00  0.000e+00  5.167e-12  5.932e-08
 0.000 8.600  0.000  0.00  0.000e+00  3.983e-12  5.214e-08
 0.000 8.650  0.000  0.00  0.000e+00  3.070e-12  4.584e-08
 0.000 8.700  0.000  0.00  0.000e+00  2.367e-12  4.029e-08
 0.000 8.750  0.000  0.00  0.000e+00  1.825e-12  3.533e-08
 0.000 8.800  0.000  0.00  0.000e+00  1.407e-12  3.099e-08
 0.000 8.850  0.000  0.00  0.000e+00  1.084e-12  2.718e-08
 0.000 8.900  0.000  0.00  0.000e+00  8.341e-13  2.378e-08
 0.000 8.950  0.000  0.00  0.000e+00  6.422e-13  2.081e-08
 0.000 9.000  0.000  0.00  0.000e+00  4.945e-13  1.821e-08
